[  1.02646465e-01   1.29838384e-01   3.31111111e-01   2.36464646e-01
   4.11656566e-01   1.27737374e-01   2.12141414e-01   1.46060606e-01
   1.32787879e-01   2.67414141e-01   9.50707071e-02   5.38161616e-01
   1.13252525e-01   3.05454545e-02   4.16161616e-02   2.78626263e-01
   2.85353535e-01   2.45131313e-01   1.73276768e+00   1.71111111e-01
   9.83494949e-01   4.23070707e-01   1.67030303e-01   9.92121212e-02
   4.85414141e-01   1.73252525e-01   9.24040404e-02   5.96363636e-02
   4.10707071e-02   4.68888889e-02   4.30505051e-02   2.09292929e-02
   4.38181818e-02   2.27676768e-02   5.42626263e-02   6.76161616e-02
   1.45797980e-01   1.32121212e-02   3.96161616e-02   8.51919192e-02
   1.94141414e-02   3.60202020e-02   3.71717172e-02   2.44444444e-02
   1.35353535e-01   1.31858586e-01   7.63636364e-03   2.54747475e-02
   1.32040404e-01   1.44402020e-01   1.85333333e-02   2.72860606e-01
   1.30602020e-01   8.20949495e-02   6.61084646e+00   6.73333333e+01
   3.31490909e+02   6.00000000e-01]
[  2.84545455e-01   2.49318182e-01   3.11363636e-01   4.31818182e-03
   2.46818182e-01   7.79545455e-02   4.02272727e-02   1.61818182e-01
   3.68409091e-01   4.79772727e-01   1.89545455e-01   5.55909091e-01
   3.37045455e-01   6.20000000e-01   7.77272727e-02   2.75454545e-01
   3.10454545e-01   1.21363636e-01   2.24045455e+00   4.22727273e-02
   1.00727273e+00   5.90909091e-02   3.59090909e-01   3.42954545e-01
   3.87954545e-01   9.04545455e-02   1.36363636e-03   4.54545455e-04
   9.09090909e-04   7.50000000e-03   0.00000000e+00   0.00000000e+00
   1.13636364e-01   0.00000000e+00   7.04545455e-03   5.36363636e-02
   1.37727273e-01   2.50000000e-03   8.40909091e-03   3.68181818e-02
   1.15909091e-02   3.63636364e-03   7.50000000e-03   1.22727273e-02
   5.31818182e-02   4.88636364e-02   1.59090909e-03   3.34090909e-02
   2.87727273e-02   1.02068182e-01   1.11363636e-02   3.18568182e-01
   3.80022727e-01   9.19318182e-02   7.35820455e+00   3.10272727e+02
   2.28779545e+03   7.95454545e-01]
[  8.41487965e-02   2.89474836e-01   2.17579869e-01   1.17286652e-03
   2.32481400e-01   4.95229759e-02   7.94091904e-02   7.53435449e-02
   2.43194748e-02   1.75995624e-01   3.42407002e-02   5.07746171e-01
   6.88971554e-02   4.67921225e-02   1.31028446e-02   2.07417943e-01
   5.91641138e-02   1.39111597e-01   1.65932604e+00   2.29803063e-02
   6.11032823e-01   3.47921225e-03   3.24595186e-02   6.34923414e-02
   6.11575492e-01   3.11496718e-01   1.43972429e+00   1.62253829e-01
   1.52472648e-01   1.37706783e-01   9.24682713e-02   6.88052516e-02
   1.09886214e-01   6.88052516e-02   1.37177243e-01   1.14984683e-01
   1.29829322e-01   1.84726477e-02   1.04056893e-01   7.16586433e-02
   5.61487965e-02   2.25483589e-01   4.65514223e-02   1.26932166e-01
   4.62144420e-01   2.34778993e-01   4.81838074e-03   3.90678337e-02
   1.77982495e-02   1.33892779e-01   1.50932166e-02   2.25801313e-01
   3.02555799e-02   2.23623632e-02   2.02649190e+00   8.95886214e+00
   3.82814004e+01   2.03063457e-01]
[  3.06170213e-01   1.44893617e-01   2.80425532e-01   9.17021277e-02
   7.23404255e-02   1.06808511e-01   1.93617021e-02   1.39787234e-01
   2.21063830e-01   3.99574468e-01   1.44680851e-01   6.30212766e-01
   3.41063830e-01   6.52765957e-01   2.55319149e-02   1.58936170e-01
   2.76595745e-01   1.20000000e-01   1.86936170e+00   4.76595745e-02
   8.68510638e-01   3.34042553e-02   4.47021277e-01   2.87659574e-01
   9.51063830e-02   6.04255319e-02   5.10638298e-03   1.48936170e-03
   2.12765957e-03   3.82978723e-03   0.00000000e+00   0.00000000e+00
   3.09361702e-01   0.00000000e+00   0.00000000e+00   2.97872340e-02
   1.76382979e-01   1.48936170e-03   6.59574468e-03   1.72340426e-02
   2.46808511e-02   7.65957447e-03   4.46808511e-03   1.59574468e-02
   4.21276596e-02   5.68085106e-02   9.78723404e-03   5.02127660e-02
   2.92553191e-02   1.15765957e-01   7.57446809e-03   2.47340426e-01
   3.29319149e-01   8.77872340e-02   5.44714894e+00   1.85446809e+02
   3.35746809e+03   7.44680851e-01]
[  1.20657895e-01   1.14605263e-01   2.81973684e-01   2.56184211e-01
   2.67236842e-01   9.56578947e-02   5.56578947e-02   1.36973684e-01
   2.55526316e-01   2.83684211e-01   8.05263158e-02   4.74210526e-01
   1.26842105e-01   5.34210526e-02   9.68421053e-02   2.69210526e-01
   1.39736842e-01   1.75000000e-01   1.45197368e+00   1.73684211e-01
   7.71842105e-01   1.02894737e+00   2.02105263e-01   1.58026316e-01
   2.61842105e-01   1.44342105e-01   1.35526316e-02   8.42105263e-03
   8.28947368e-03   1.56578947e-02   1.53947368e-02   0.00000000e+00
   7.80263158e-02   1.71052632e-03   7.09210526e-02   6.55263158e-02
   1.43289474e-01   6.18421053e-03   2.09210526e-02   2.39473684e-02
   8.02631579e-03   2.01315789e-02   3.15789474e-03   1.53947368e-02
   3.81578947e-02   5.47368421e-02   3.02631579e-03   1.68421053e-02
   4.08289474e-02   1.44328947e-01   3.33552632e-02   1.96684211e-01
   1.28302632e-01   1.24223684e-01   5.80218421e+00   1.10197368e+02
   1.47006579e+03   5.92105263e-01]
[  1.58251366e-01   2.18415301e-01   4.26885246e-01   3.12131148e-01
   3.00163934e-01   1.31639344e-01   7.18579235e-02   1.97923497e-01
   4.03114754e-01   5.99289617e-01   1.03770492e-01   6.58360656e-01
   1.45519126e-01   1.38524590e-01   1.32459016e-01   2.72240437e-01
   1.35081967e-01   3.67322404e-01   1.57688525e+00   2.16010929e-01
   1.26415301e+00   5.72841530e-01   1.50000000e-01   1.90928962e-01
   4.45573770e-01   1.57759563e-01   2.91803279e-02   2.40983607e-02
   5.57377049e-03   2.62295082e-02   2.29508197e-02   1.53005464e-03
   9.95628415e-02   2.56830601e-03   9.25683060e-02   2.88524590e-02
   1.44590164e-01   5.68306011e-03   2.66666667e-02   3.02732240e-02
   8.52459016e-03   2.63934426e-02   8.08743169e-03   1.25136612e-02
   4.20218579e-02   3.30054645e-02   8.96174863e-03   3.08196721e-02
   4.53169399e-02   1.29683060e-01   3.98415301e-02   4.23825137e-01
   1.76590164e-01   8.10983607e-02   8.75673770e+00   1.45469945e+02
   9.59081967e+02   6.93989071e-01]
[  1.02151543e-01   1.19111319e-01   3.06931712e-01   7.09073901e-02
   4.25668849e-01   1.37904584e-01   1.59242283e-01   1.17549111e-01
   5.15060804e-02   2.30318054e-01   5.85406922e-02   5.29148737e-01
   9.37418148e-02   2.12067353e-02   3.89616464e-02   3.15294668e-01
   2.17352666e-01   2.03217961e-01   1.68520112e+00   9.33115061e-02
   9.80374181e-01   2.92703461e-02   1.33517306e-01   8.93451824e-02
   5.07539757e-01   3.07371375e-01   1.69307764e-01   1.53133770e-01
   7.56688494e-02   1.13507951e-01   5.26286249e-02   4.38727783e-02
   9.50233863e-02   4.56875585e-02   1.06828812e-01   1.10364827e-01
   1.56117867e-01   6.25818522e-03   8.60149673e-02   6.80355472e-02
   4.27408793e-02   3.86342376e-02   6.94106642e-02   4.91955098e-02
   2.11646399e-01   1.55107577e-01   4.44340505e-03   2.57156221e-02
   2.55163704e-02   1.42671656e-01   1.77839102e-02   2.64741815e-01
   7.67539757e-02   5.12282507e-02   3.24965295e+00   3.08774556e+01
   1.49983162e+02   5.03274088e-01]
[  1.66986301e-01   1.63972603e-01   8.08904110e-01   1.28082192e-01
   6.76849315e-01   4.93561644e-01   2.62054795e-01   1.50273973e-01
   5.56849315e-01   5.07945205e-01   2.07123288e-01   6.72465753e-01
   1.43835616e-01   8.32876712e-02   9.07534247e-01   2.89863014e-01
   1.21643836e-01   7.30684932e-01   1.53068493e+00   8.12328767e-01
   1.06945205e+00   8.43835616e-02   4.96164384e-01   1.47397260e-01
   4.69863014e-02   1.23287671e-03   2.00000000e-02   6.57534247e-03
   0.00000000e+00   7.94520548e-03   0.00000000e+00   0.00000000e+00
   4.93150685e-03   5.20547945e-03   5.75342466e-03   0.00000000e+00
   1.69863014e-02   0.00000000e+00   0.00000000e+00   3.68493151e-02
   0.00000000e+00   0.00000000e+00   8.08219178e-02   1.09589041e-02
   4.10958904e-02   3.34246575e-02   0.00000000e+00   0.00000000e+00
   7.91780822e-03   8.06712329e-02   1.02739726e-03   4.61958904e-01
   1.58082192e-01   2.22191781e-02   1.03383219e+02   7.81136986e+02
   1.38717808e+03   9.86301370e-01]
[  1.57561728e-01   1.49876543e-01   3.56975309e-01   4.63271605e-02
   3.30679012e-01   1.26543210e-01   9.13271605e-02   1.31975309e-01
   2.38611111e-01   3.44660494e-01   9.76234568e-02   7.40802469e-01
   1.24938272e-01   9.74691358e-02   9.73456790e-02   2.60987654e-01
   2.34506173e-01   1.49197531e-01   1.53216049e+00   1.25339506e-01
   1.05009259e+00   3.27469136e-01   1.59135802e-01   1.76419753e-01
   6.83858025e-01   1.48672840e-01   1.77160494e-02   1.48765432e-02
   1.14197531e-02   2.13888889e-02   1.14197531e-02   5.27777778e-03
   8.93209877e-02   5.06172840e-03   2.29320988e-02   6.24691358e-02
   1.27962963e-01   1.11419753e-02   1.60802469e-02   2.21604938e-02
   4.15740741e-02   8.53395062e-02   1.53395062e-02   1.26543210e-02
   5.73456790e-02   1.30740741e-01   9.59876543e-03   2.00925926e-02
   8.45987654e-02   1.51759259e-01   1.43240741e-02   4.63361111e-01
   1.39790123e-01   6.46759259e-02   6.33228704e+00   8.44506173e+01
   5.90469136e+02   6.01851852e-01]
[  9.60000000e-02   8.00000000e-03   1.96000000e-01   8.00000000e-03
   9.20000000e-02   1.18000000e-01   0.00000000e+00   5.80000000e-02
   5.80000000e-02   1.88000000e-01   7.40000000e-02   8.20000000e-02
   7.20000000e-02   0.00000000e+00   3.80000000e-02   8.80000000e-02
   7.80000000e-02   7.60000000e-02   6.08000000e-01   8.00000000e-03
   2.42000000e-01   1.90600000e+00   1.38000000e-01   1.10000000e-01
   0.00000000e+00   0.00000000e+00   0.00000000e+00   0.00000000e+00
   0.00000000e+00   0.00000000e+00   0.00000000e+00   0.00000000e+00
   0.00000000e+00   2.80000000e-02   0.00000000e+00   8.00000000e-03
   0.00000000e+00   0.00000000e+00   1.60000000e-02   0.00000000e+00
   0.00000000e+00   0.00000000e+00   0.00000000e+00   0.00000000e+00
   3.80000000e-02   0.00000000e+00   0.00000000e+00   0.00000000e+00
   4.30200000e-01   2.00940000e+00   9.00000000e-03   3.92400000e-01
   3.75000000e-01   4.02400000e-01   5.75034000e+01   2.29780000e+03
   1.06488000e+04   1.00000000e+00]

